123001		
119002		
109004		
105005		
127006		
123007		
125008		
125009		
129010		
109012		
107014		
127015		
107016		
119017		
127018		
119019		
111020		
119021		
123022		
107023		
111024		
127025		
125026		
119027		
109028		
109029		
127030		
107031		
125032		
111033		
119034		
115035		
117036		
105037		
121038		
125039		
125040		
117042		
105043		
109044		
107045		
125047		
119048		
119049		
127051		
109052		
115054		
127055		
123056		
125057		
105058		
121059		
123060		
107061		
105062		
105064		
107065		
105066		
105067		
115068		
121069		
103070		
119071		
119072		
103073		
109074		
129075		
107076		
105077		
107078		
125080		
127081		
105082		
127083		
107084		
129085		
121087		
115088		
129090		
127091		
115093		
105094		
115095		
121096		
109097		
123098		
121099		
123100		
123102		
123103		
123104		
117105		
127106		
121108		
129110		
107113		
115114		
121115		
111116		
109117		
105118		
119119		
105120		
119121		
105122		
111123		
125124		
109125		
129128		
109129		
125130		
119131		
103132		
117133		
119136		
127137		
107139		
107140		
111141		
115142		
107143		
109144		
109145		
119146		
109147		
117149		
107150		
121151		
117152		
109153		
123154		
125158		
127159		
119160		
115162		
129164		
121162		
121166		
125167		
117168		
121170		
125171		
115172		
105173		
107174		
105175		
115177		
105179		
119180		
123181		
123182		
125183		
115184		
127185		
117186		
105187		
109189		
125190		
115191		
119192		
115193		
101194		
125195		
125196		
117198		
107199		
119200		
115201		
109202		
105203		
121205		
127206		
107207		
117208		
117209		
115211		
125212		
105215		
117216		
107217		
117218		
127220		
127221		
125222		
129223		
127224		
129226		
107227		
107228		
105229		
115230		
119234		
109235		
127237		
127238		
125239		
109240		
107241		
123242		
107245		
117246		
127247		
121248		
111250		
125252		
127253		
127254		
129256		
107258		
119261		
107262		
109263		
105264		
103265		
125267		
119270		
103271		
129272		
127273		
103274		
105275		
127276		
129278		
117279		
115280		
129281		
127282		
125284		
119285		
123286		
127287		
109289		
123290		
117292		
119296		
119297		
123298		
127299		
129301		
117303		
115304		
124305		
119306		
123308		
121309		
125310		
119311		
117312		
119313		
125315		
109316		
123317		
105318		
125319		
125320		
117321		
127322		
129323		
115324		
115326		
129327		
129328		
129329		
119330		
119331		
119333		
119334		
117335		
129336		
129337		
129338		
124340		
117342		
129343		
129344		
129345		
129346		
129347		
129348		
127349		
121351		
121352		
121353		
121354		
121355		
121357		
121359		
119361		
125362		
125363		
125364		
124365		
129366		
125367		
125368		
109369		
107370		
125371		
115372		
125373		
121374		
125375		
123376		
109377		
109378		
123379		
109380		
127381		
109382		
109383		
109386		
109387		
109388		
109389		
109390		
109391		
107392		
117393		
111394		
111395		
111396		
111397		
111398		
111399		
111401		
111402		
117403		
115404		
117405		
115406		
115407		
115408		
115409		
127410		
127411		
125412		
125413		
125414		
119415		
109117		
117418		
117420		
119421		
127422		
123423		
125424		
105425		
103426		
127427		
109428		
109429		
125439		
115432		
121433		
127434		
119435		
123435		
117437		
125438		
109439		
109440		
109443		
109444		
125445		
115446		
117447		
123448		
117449		
107450		
109451		
117452		
119454		
115455		
109456		
109457		
123458		
125459		
124460		
117461		
109462		
117463		
125464		
117465		
121467		
125468		
115470		
121471		
109472		
127473		
127474		
125475		
125476		
115477		
115478		
125480		
125481		
124482		
105484		
117485		
127486		
115487		
125488		
124489		
127490		
125493		
127495		
107497		
124498		
125499		
121500		
119501		
125502		
125504		
109507		
103510		
117513		
129515		
115516		
119517		
109518		
117519		
127521		
115522		
105523		
111524		
117525		
119526		
124527		
119530		
111531		
115533		
117534		
117535		
124536		
111537		
111538		
111539		
127540		
109542		
127543		
109544		
117545		
117546		
115547		
109548		
127549		
127550		
115551		
121552		
107553		
105554		
111555		
117556		
123557		
111558		
109559		
127560		
115561		
127562		
115563		
107564		
125565		
127566		
10568		
115569		
117570		
119571		
127572		
115573		
117573		
124575		
127576		
111578		
115580		
125581		
111582		
115582		
115583		
125584		
123585		
117587		
117588		
107589		
119590		
127591		
123592		
117593		
129594		
121596		
115597		
115598		
125599		
121601		
119602		
119606		
119607		
121609		
123610		
115612		
121614		
121615		
127616		
124617		
119618		
119619		
119620		
111621		
111622		
117623		
111625		
129626		
125627		
117628		
117630		
117632		
119633		
119634		
125635		
117638		
117639		
127641		
127642		
127644		
117647		
117648		
109649		
109651		
109652		
111672		
117676		
105679		
124681		
115682		
124683		